0 0.506 0.615 0.012 0.017
0 0.524 0.599 0.011 0.016
0 0.527 0.575 0.011 0.016
0 0.591 0.506 0.011 0.016
0 0.611 0.555 0.012 0.016
0 0.690 0.446 0.010 0.015
0 0.528 0.644 0.011 0.015
0 0.416 0.504 0.010 0.017
0 0.401 0.443 0.011 0.016
0 0.624 0.092 0.013 0.013
0 0.660 0.041 0.013 0.014
0 0.629 0.118 0.006 0.018
0 0.569 0.156 0.012 0.014
0 0.576 0.178 0.011 0.014
0 0.578 0.188 0.011 0.016
0 0.585 0.207 0.012 0.016
0 0.608 0.216 0.008 0.015
0 0.615 0.212 0.009 0.018
0 0.673 0.168 0.013 0.011
0 0.676 0.179 0.014 0.012
0 0.520 0.090 0.013 0.014
0 0.538 0.098 0.014 0.012
0 0.554 0.100 0.013 0.008
0 0.512 0.111 0.011 0.012
0 0.526 0.119 0.012 0.010
0 0.487 0.094 0.011 0.013
0 0.500 0.104 0.011 0.014
0 0.533 0.053 0.009 0.016
0 0.606 0.076 0.013 0.013
0 0.594 0.083 0.011 0.012
0 0.581 0.091 0.013 0.011
0 0.506 0.080 0.012 0.014
0 0.474 0.077 0.011 0.015
0 0.490 0.063 0.009 0.013
0 0.491 0.028 0.009 0.016
0 0.474 0.037 0.010 0.017
0 0.644 0.366 0.011 0.014
0 0.635 0.353 0.010 0.013
0 0.716 0.370 0.011 0.016
0 0.220 0.160 0.012 0.023
0 0.238 0.198 0.009 0.016
0 0.634 0.842 0.012 0.017
