0 0.701 0.379 0.017 0.016
0 0.698 0.420 0.014 0.015
0 0.811 0.401 0.017 0.016
0 0.819 0.259 0.016 0.016
0 0.822 0.235 0.014 0.015
0 0.825 0.196 0.017 0.019
0 0.788 0.218 0.016 0.019
0 0.827 0.157 0.014 0.015
0 0.826 0.175 0.015 0.017
0 0.834 0.030 0.014 0.013
0 0.908 0.655 0.017 0.018
0 0.685 0.651 0.015 0.014
0 0.462 0.818 0.018 0.018
0 0.458 0.876 0.018 0.017
0 0.458 0.897 0.017 0.016
0 0.411 0.878 0.015 0.017
0 0.410 0.902 0.015 0.015
0 0.362 0.940 0.015 0.012
0 0.369 0.766 0.016 0.013
0 0.369 0.785 0.019 0.013
0 0.366 0.822 0.017 0.015
0 0.362 0.880 0.014 0.014
0 0.336 0.793 0.016 0.024
0 0.315 0.761 0.016 0.021
0 0.315 0.803 0.014 0.015
0 0.318 0.841 0.016 0.015
0 0.313 0.877 0.014 0.013
0 0.312 0.923 0.015 0.014
0 0.277 0.937 0.014 0.015
0 0.260 0.836 0.017 0.015
0 0.261 0.876 0.014 0.013
0 0.282 0.877 0.015 0.015
0 0.257 0.955 0.013 0.012
0 0.460 0.850 0.019 0.015
0 0.340 0.710 0.015 0.016
0 0.209 0.798 0.015 0.016
0 0.221 0.947 0.018 0.019
0 0.224 0.926 0.016 0.013
0 0.563 0.915 0.017 0.015
0 0.566 0.855 0.017 0.016
0 0.530 0.897 0.017 0.013
0 0.672 0.887 0.013 0.015
0 0.676 0.858 0.014 0.017
0 0.562 0.961 0.015 0.016
0 0.170 0.602 0.017 0.014
0 0.797 0.683 0.016 0.015
0 0.794 0.754 0.016 0.016
