0 0.529 0.202 0.010 0.036
0 0.538 0.196 0.013 0.045
0 0.548 0.194 0.014 0.048
0 0.559 0.201 0.010 0.035
0 0.568 0.196 0.008 0.031
0 0.576 0.189 0.010 0.036
0 0.586 0.190 0.009 0.034
0 0.595 0.186 0.010 0.037
0 0.604 0.183 0.010 0.035
0 0.612 0.181 0.010 0.031
0 0.621 0.182 0.012 0.035
0 0.631 0.180 0.010 0.036
0 0.640 0.177 0.010 0.034
0 0.649 0.174 0.010 0.031
0 0.659 0.172 0.009 0.035
0 0.668 0.166 0.009 0.034
0 0.677 0.163 0.010 0.036
0 0.687 0.163 0.010 0.035
0 0.696 0.165 0.009 0.030
0 0.707 0.159 0.010 0.037
0 0.716 0.155 0.012 0.034
0 0.737 0.145 0.011 0.038
0 0.747 0.142 0.010 0.037
0 0.757 0.141 0.009 0.037
0 0.767 0.139 0.010 0.034
0 0.787 0.132 0.010 0.037
0 0.797 0.129 0.009 0.036
0 0.806 0.129 0.011 0.037
0 0.821 0.124 0.012 0.038
0 0.830 0.118 0.008 0.033
0 0.838 0.116 0.010 0.034
0 0.848 0.112 0.008 0.033
0 0.855 0.186 0.010 0.036
0 0.864 0.185 0.008 0.030
0 0.845 0.188 0.009 0.030
0 0.835 0.191 0.010 0.034
0 0.826 0.195 0.009 0.034
0 0.816 0.199 0.010 0.036
0 0.806 0.203 0.009 0.030
0 0.796 0.204 0.009 0.036
0 0.787 0.210 0.010 0.035
0 0.775 0.209 0.009 0.034
0 0.754 0.215 0.011 0.036
0 0.743 0.219 0.009 0.029
0 0.732 0.224 0.009 0.034
0 0.720 0.226 0.009 0.034
0 0.711 0.229 0.009 0.031
0 0.700 0.228 0.008 0.031
0 0.690 0.233 0.009 0.034
0 0.681 0.242 0.009 0.034
0 0.669 0.242 0.008 0.030
0 0.658 0.242 0.008 0.029
0 0.648 0.245 0.008 0.029
0 0.638 0.250 0.008 0.030
0 0.629 0.250 0.010 0.033
0 0.619 0.253 0.007 0.033
0 0.608 0.257 0.009 0.030
0 0.597 0.260 0.009 0.035
0 0.588 0.263 0.007 0.030
0 0.568 0.271 0.008 0.029
0 0.558 0.271 0.009 0.035
0 0.530 0.276 0.020 0.020
0 0.529 0.295 0.018 0.020
0 0.556 0.317 0.009 0.030
0 0.532 0.314 0.017 0.016
0 0.533 0.334 0.018 0.019
0 0.535 0.350 0.018 0.017
0 0.537 0.364 0.017 0.018
0 0.545 0.397 0.018 0.016
0 0.616 0.385 0.009 0.036
0 0.628 0.380 0.009 0.036
0 0.638 0.383 0.009 0.035
0 0.660 0.375 0.009 0.034
0 0.541 0.435 0.018 0.016
0 0.672 0.368 0.009 0.034
0 0.698 0.366 0.009 0.034
0 0.689 0.404 0.011 0.037
0 0.699 0.404 0.009 0.034
0 0.709 0.364 0.009 0.034
0 0.720 0.357 0.010 0.035
0 0.731 0.363 0.009 0.044
0 0.741 0.361 0.009 0.042
0 0.709 0.404 0.007 0.031
0 0.717 0.400 0.008 0.036
0 0.725 0.399 0.008 0.035
0 0.751 0.358 0.010 0.045
0 0.763 0.349 0.007 0.035
0 0.783 0.351 0.011 0.036
0 0.791 0.344 0.007 0.034
0 0.790 0.389 0.009 0.040
0 0.799 0.390 0.011 0.038
0 0.809 0.385 0.010 0.037
0 0.819 0.386 0.009 0.036
0 0.839 0.384 0.009 0.033
0 0.849 0.382 0.007 0.030
0 0.859 0.325 0.010 0.038
0 0.870 0.322 0.012 0.035
0 0.851 0.327 0.010 0.034
0 0.841 0.334 0.009 0.033
0 0.830 0.334 0.008 0.034
0 0.821 0.340 0.009 0.035
0 0.811 0.345 0.010 0.035
0 0.801 0.348 0.010 0.034
0 0.643 0.292 0.010 0.038
0 0.655 0.293 0.010 0.037
0 0.664 0.292 0.009 0.033
0 0.675 0.290 0.009 0.030
0 0.685 0.287 0.010 0.034
0 0.697 0.277 0.010 0.045
0 0.708 0.278 0.010 0.036
0 0.719 0.269 0.008 0.028
0 0.730 0.272 0.009 0.031
0 0.739 0.268 0.008 0.028
0 0.748 0.267 0.010 0.034
0 0.779 0.264 0.010 0.037
0 0.789 0.262 0.010 0.034
0 0.799 0.260 0.010 0.037
0 0.808 0.261 0.009 0.031
0 0.816 0.254 0.012 0.036
0 0.546 0.470 0.018 0.019
0 0.545 0.487 0.018 0.018
0 0.547 0.504 0.018 0.019
0 0.549 0.521 0.018 0.018
0 0.549 0.540 0.018 0.017
0 0.549 0.558 0.018 0.018
0 0.553 0.575 0.017 0.018
0 0.554 0.591 0.017 0.017
0 0.552 0.632 0.018 0.018
0 0.557 0.666 0.018 0.018
0 0.557 0.679 0.017 0.018
0 0.725 0.858 0.009 0.036
0 0.713 0.864 0.009 0.030
0 0.702 0.866 0.010 0.031
0 0.772 0.844 0.011 0.036
0 0.784 0.840 0.009 0.030
0 0.793 0.837 0.008 0.033
0 0.682 0.867 0.010 0.035
0 0.655 0.876 0.009 0.037
0 0.637 0.884 0.009 0.036
0 0.617 0.888 0.010 0.034
0 0.604 0.890 0.010 0.034
0 0.590 0.893 0.010 0.035
0 0.465 0.747 0.008 0.029
0 0.469 0.778 0.010 0.031
0 0.459 0.781 0.008 0.035
0 0.456 0.746 0.009 0.035
0 0.447 0.747 0.008 0.035
0 0.448 0.784 0.010 0.031
0 0.437 0.750 0.009 0.033
0 0.427 0.754 0.008 0.033
0 0.417 0.756 0.009 0.031
0 0.408 0.758 0.009 0.031
0 0.420 0.794 0.010 0.035
0 0.430 0.787 0.009 0.031
0 0.410 0.795 0.009 0.033
0 0.400 0.798 0.010 0.033
0 0.391 0.804 0.009 0.033
0 0.381 0.803 0.009 0.031
0 0.372 0.810 0.009 0.033
0 0.369 0.771 0.008 0.030
0 0.360 0.774 0.009 0.034
0 0.362 0.810 0.009 0.031
0 0.353 0.812 0.010 0.033
0 0.341 0.776 0.009 0.036
0 0.343 0.813 0.009 0.034
0 0.331 0.777 0.009 0.034
0 0.321 0.782 0.009 0.028
0 0.323 0.816 0.009 0.030
0 0.314 0.821 0.010 0.033
0 0.311 0.783 0.009 0.028
0 0.354 0.695 0.009 0.030
0 0.362 0.692 0.010 0.033
0 0.382 0.688 0.009 0.031
0 0.401 0.682 0.009 0.031
0 0.420 0.677 0.009 0.033
0 0.430 0.673 0.009 0.033
0 0.439 0.673 0.009 0.033
0 0.422 0.629 0.009 0.030
0 0.412 0.630 0.009 0.036
0 0.395 0.638 0.011 0.035
0 0.376 0.643 0.009 0.034
0 0.366 0.646 0.010 0.034
0 0.337 0.652 0.009 0.037
0 0.319 0.659 0.009 0.031
0 0.311 0.657 0.009 0.030
0 0.275 0.668 0.009 0.034
0 0.266 0.675 0.009 0.030
0 0.249 0.679 0.009 0.033
0 0.240 0.678 0.009 0.030
0 0.188 0.694 0.011 0.034
0 0.178 0.697 0.012 0.038
0 0.151 0.627 0.018 0.017
0 0.085 0.648 0.016 0.018
0 0.106 0.640 0.018 0.018
0 0.151 0.750 0.012 0.042
0 0.161 0.747 0.010 0.039
0 0.171 0.746 0.010 0.035
0 0.181 0.746 0.009 0.035
0 0.191 0.744 0.010 0.035
0 0.236 0.724 0.009 0.031
0 0.167 0.841 0.009 0.031
0 0.305 0.825 0.010 0.033
0 0.295 0.826 0.009 0.035
0 0.286 0.828 0.009 0.034
0 0.276 0.832 0.010 0.036
0 0.267 0.835 0.010 0.033
0 0.257 0.838 0.009 0.031
0 0.247 0.842 0.009 0.033
0 0.237 0.843 0.009 0.030
0 0.227 0.846 0.010 0.034
0 0.219 0.850 0.008 0.031
0 0.209 0.850 0.010 0.034
0 0.196 0.934 0.010 0.035
0 0.206 0.934 0.009 0.033
0 0.215 0.930 0.010 0.029
0 0.225 0.928 0.009 0.036
0 0.234 0.922 0.010 0.031
0 0.253 0.915 0.009 0.033
0 0.262 0.916 0.010 0.034
0 0.272 0.912 0.010 0.038
0 0.282 0.908 0.010 0.034
0 0.094 0.286 0.009 0.034
0 0.104 0.285 0.010 0.034
0 0.125 0.248 0.019 0.019
0 0.124 0.231 0.018 0.018
0 0.121 0.215 0.018 0.018
0 0.118 0.197 0.018 0.020
0 0.095 0.220 0.018 0.020
0 0.096 0.201 0.017 0.021
0 0.054 0.215 0.020 0.018
0 0.036 0.234 0.019 0.020
0 0.034 0.213 0.018 0.021
0 0.116 0.145 0.017 0.016
0 0.091 0.136 0.018 0.019
0 0.089 0.116 0.018 0.021
0 0.113 0.110 0.016 0.019
0 0.113 0.093 0.016 0.017
0 0.155 0.097 0.016 0.016
0 0.155 0.076 0.019 0.017
0 0.154 0.058 0.018 0.021
0 0.084 0.086 0.018 0.017
0 0.047 0.105 0.019 0.018
0 0.046 0.125 0.017 0.022
0 0.048 0.143 0.016 0.021
0 0.026 0.127 0.019 0.018
0 0.026 0.106 0.017 0.019
0 0.044 0.069 0.017 0.018
0 0.040 0.052 0.018 0.020
0 0.021 0.037 0.019 0.019
0 0.039 0.034 0.015 0.015
0 0.226 0.247 0.009 0.029
0 0.229 0.202 0.017 0.017
0 0.291 0.060 0.016 0.017
0 0.110 0.042 0.019 0.018
0 0.108 0.024 0.018 0.019
0 0.078 0.013 0.018 0.020
0 0.250 0.124 0.019 0.019
0 0.362 0.196 0.019 0.020
0 0.319 0.152 0.015 0.022
0 0.312 0.064 0.016 0.026
