0 0.460 0.471 0.006 0.019
0 0.481 0.363 0.006 0.018
0 0.443 0.185 0.010 0.010
0 0.558 0.282 0.004 0.011
0 0.520 0.761 0.011 0.012
0 0.368 0.833 0.011 0.012
0 0.327 0.854 0.010 0.012
0 0.281 0.875 0.010 0.011
0 0.243 0.915 0.007 0.017
0 0.236 0.921 0.006 0.018
0 0.186 0.839 0.007 0.019
0 0.202 0.805 0.010 0.012
0 0.086 0.510 0.010 0.011
0 0.663 0.642 0.012 0.014
0 0.780 0.473 0.006 0.021
0 0.778 0.449 0.007 0.019
0 0.928 0.390 0.013 0.017
0 0.948 0.453 0.010 0.017
0 0.876 0.426 0.010 0.016
0 0.771 0.316 0.007 0.018
0 0.775 0.353 0.005 0.017
0 0.778 0.386 0.006 0.018
0 0.849 0.079 0.010 0.010
0 0.711 0.127 0.015 0.012
0 0.766 0.239 0.006 0.017
