0 0.331 0.345 0.009 0.018
0 0.340 0.366 0.008 0.017
0 0.350 0.387 0.010 0.021
0 0.363 0.421 0.008 0.017
0 0.378 0.455 0.008 0.016
0 0.468 0.607 0.012 0.020
0 0.414 0.665 0.012 0.018
0 0.494 0.655 0.009 0.017
0 0.509 0.549 0.010 0.018
0 0.571 0.456 0.011 0.017
0 0.330 0.278 0.009 0.021
0 0.196 0.437 0.012 0.015
0 0.249 0.354 0.009 0.015
0 0.655 0.272 0.009 0.015
0 0.676 0.244 0.008 0.014
0 0.700 0.188 0.010 0.014
0 0.576 0.374 0.009 0.018
0 0.943 0.736 0.010 0.016
0 0.956 0.722 0.010 0.018
0 0.214 0.908 0.011 0.017
0 0.389 0.802 0.009 0.015
0 0.186 0.697 0.012 0.019
0 0.153 0.986 0.010 0.022
