0 0.483 0.623 0.008 0.019
0 0.475 0.582 0.008 0.018
0 0.533 0.795 0.006 0.018
0 0.675 0.660 0.005 0.014
0 0.674 0.686 0.005 0.014
0 0.623 0.717 0.013 0.009
0 0.236 0.875 0.010 0.012
0 0.205 0.900 0.011 0.013
0 0.195 0.883 0.011 0.013
0 0.182 0.896 0.009 0.012
0 0.135 0.934 0.011 0.014
0 0.190 0.777 0.005 0.015
0 0.240 0.649 0.008 0.022
0 0.152 0.644 0.013 0.011
0 0.289 0.127 0.007 0.013
0 0.324 0.117 0.006 0.016
0 0.220 0.012 0.005 0.018
0 0.536 0.222 0.012 0.012
0 0.892 0.522 0.007 0.022
0 0.887 0.584 0.006 0.017
0 0.958 0.629 0.011 0.009
0 0.550 0.886 0.006 0.017
0 0.546 0.861 0.006 0.020
0 0.542 0.842 0.006 0.019
0 0.536 0.816 0.007 0.015
