0 0.273 0.387 0.016 0.025
0 0.277 0.417 0.015 0.030
0 0.276 0.445 0.016 0.032
0 0.277 0.471 0.019 0.030
0 0.279 0.497 0.016 0.029
0 0.281 0.524 0.015 0.029
0 0.391 0.416 0.016 0.029
0 0.393 0.441 0.018 0.029
0 0.395 0.494 0.016 0.027
0 0.443 0.383 0.015 0.030
0 0.398 0.546 0.014 0.024
0 0.400 0.571 0.016 0.027
0 0.365 0.693 0.017 0.032
0 0.407 0.755 0.016 0.027
0 0.433 0.792 0.008 0.050
0 0.404 0.703 0.017 0.029
0 0.402 0.673 0.016 0.029
0 0.402 0.624 0.016 0.025
0 0.400 0.598 0.016 0.024
0 0.332 0.832 0.008 0.047
0 0.358 0.819 0.008 0.049
0 0.267 0.855 0.010 0.052
0 0.241 0.873 0.010 0.049
0 0.224 0.878 0.007 0.042
0 0.293 0.750 0.016 0.027
0 0.205 0.679 0.014 0.037
0 0.203 0.649 0.013 0.044
0 0.196 0.466 0.015 0.042
0 0.148 0.474 0.015 0.040
0 0.166 0.493 0.016 0.042
0 0.166 0.524 0.016 0.039
0 0.150 0.564 0.015 0.039
0 0.168 0.618 0.015 0.039
0 0.152 0.624 0.015 0.042
0 0.167 0.646 0.015 0.032
0 0.120 0.639 0.014 0.045
0 0.154 0.657 0.016 0.040
0 0.173 0.685 0.017 0.039
0 0.158 0.693 0.015 0.035
0 0.160 0.725 0.016 0.039
0 0.175 0.750 0.016 0.037
0 0.159 0.755 0.016 0.037
0 0.177 0.783 0.015 0.034
0 0.159 0.784 0.014 0.032
0 0.181 0.847 0.016 0.040
0 0.213 0.793 0.015 0.037
0 0.164 0.851 0.014 0.035
0 0.163 0.818 0.016 0.034
0 0.047 0.877 0.015 0.027
0 0.045 0.850 0.017 0.027
0 0.044 0.824 0.016 0.025
0 0.041 0.799 0.014 0.025
0 0.039 0.771 0.020 0.029
0 0.037 0.742 0.020 0.029
0 0.037 0.691 0.015 0.027
0 0.034 0.667 0.016 0.027
0 0.035 0.639 0.015 0.032
0 0.009 0.951 0.018 0.030
0 0.527 0.474 0.015 0.040
0 0.528 0.504 0.015 0.040
0 0.531 0.583 0.014 0.040
0 0.560 0.438 0.017 0.032
0 0.562 0.465 0.015 0.029
0 0.555 0.356 0.016 0.027
0 0.555 0.331 0.015 0.030
0 0.578 0.287 0.016 0.025
0 0.579 0.312 0.015 0.022
0 0.580 0.337 0.015 0.022
0 0.582 0.362 0.016 0.025
0 0.583 0.389 0.018 0.025
0 0.585 0.412 0.018 0.024
0 0.587 0.441 0.016 0.025
0 0.589 0.487 0.015 0.024
0 0.589 0.515 0.016 0.022
0 0.589 0.539 0.019 0.024
0 0.592 0.567 0.017 0.029
0 0.594 0.593 0.016 0.027
0 0.598 0.671 0.017 0.029
0 0.637 0.261 0.015 0.027
0 0.638 0.288 0.018 0.029
0 0.620 0.319 0.015 0.027
0 0.624 0.399 0.016 0.025
0 0.623 0.371 0.016 0.024
0 0.640 0.313 0.018 0.027
0 0.641 0.338 0.016 0.027
0 0.642 0.365 0.018 0.030
0 0.649 0.466 0.017 0.027
0 0.646 0.439 0.017 0.029
0 0.625 0.426 0.018 0.029
0 0.627 0.452 0.017 0.027
0 0.628 0.476 0.015 0.029
0 0.631 0.501 0.015 0.027
0 0.632 0.528 0.016 0.027
0 0.650 0.518 0.015 0.027
0 0.634 0.578 0.017 0.030
0 0.653 0.569 0.016 0.029
0 0.635 0.605 0.015 0.027
0 0.636 0.698 0.009 0.045
0 0.644 0.697 0.009 0.047
0 0.605 0.718 0.009 0.049
0 0.637 0.633 0.015 0.025
0 0.638 0.658 0.015 0.025
0 0.689 0.674 0.009 0.047
0 0.698 0.671 0.008 0.044
0 0.706 0.669 0.009 0.047
0 0.718 0.621 0.017 0.029
0 0.693 0.575 0.018 0.027
0 0.692 0.547 0.016 0.025
0 0.692 0.495 0.017 0.029
0 0.687 0.449 0.016 0.027
0 0.685 0.424 0.018 0.027
0 0.684 0.397 0.016 0.025
0 0.683 0.371 0.016 0.027
0 0.680 0.294 0.016 0.027
0 0.707 0.411 0.017 0.025
0 0.708 0.438 0.016 0.025
0 0.711 0.462 0.016 0.027
0 0.712 0.486 0.016 0.027
0 0.712 0.514 0.015 0.027
0 0.717 0.539 0.016 0.029
0 0.718 0.568 0.016 0.027
0 0.752 0.466 0.015 0.025
0 0.754 0.520 0.016 0.029
0 0.780 0.503 0.018 0.027
0 0.778 0.478 0.016 0.025
0 0.775 0.392 0.016 0.024
0 0.756 0.644 0.008 0.050
0 0.765 0.641 0.007 0.052
0 0.774 0.640 0.007 0.050
0 0.792 0.627 0.008 0.050
0 0.784 0.588 0.016 0.030
0 0.783 0.557 0.017 0.029
0 0.820 0.573 0.015 0.027
0 0.815 0.488 0.015 0.025
0 0.847 0.604 0.009 0.049
0 0.769 0.304 0.016 0.030
0 0.767 0.276 0.018 0.029
0 0.766 0.252 0.016 0.024
0 0.764 0.225 0.015 0.030
0 0.829 0.371 0.015 0.039
0 0.813 0.410 0.014 0.024
0 0.807 0.297 0.016 0.027
0 0.969 0.148 0.017 0.030
0 0.975 0.283 0.016 0.029
