0 0.219 0.338 0.015 0.030
0 0.180 0.223 0.011 0.020
0 0.245 0.502 0.013 0.022
0 0.257 0.484 0.013 0.027
0 0.384 0.612 0.020 0.013
0 0.554 0.616 0.019 0.014
0 0.533 0.612 0.017 0.011
0 0.628 0.641 0.016 0.013
0 0.606 0.629 0.019 0.017
0 0.694 0.637 0.013 0.014
0 0.370 0.802 0.010 0.022
0 0.353 0.796 0.011 0.021
0 0.415 0.865 0.028 0.017
0 0.445 0.960 0.019 0.014
0 0.448 0.973 0.019 0.014
0 0.450 0.984 0.019 0.014
0 0.271 0.926 0.011 0.028
0 0.138 0.052 0.013 0.023
0 0.155 0.120 0.012 0.024
