1 0.293 0.459 0.013 0.026
1 0.303 0.433 0.014 0.024
1 0.344 0.455 0.011 0.015
1 0.472 0.483 0.018 0.032
1 0.511 0.589 0.020 0.030
1 0.460 0.586 0.016 0.024
1 0.445 0.654 0.017 0.031
1 0.445 0.685 0.016 0.030
1 0.446 0.719 0.018 0.030
1 0.408 0.664 0.013 0.030
1 0.398 0.690 0.016 0.031
1 0.381 0.679 0.013 0.026
1 0.375 0.640 0.012 0.024
1 0.364 0.668 0.014 0.030
1 0.346 0.659 0.014 0.028
1 0.356 0.629 0.013 0.027
1 0.420 0.571 0.014 0.027
1 0.430 0.543 0.014 0.030
1 0.413 0.533 0.014 0.028
1 0.405 0.560 0.015 0.024
1 0.394 0.585 0.014 0.026
1 0.385 0.548 0.013 0.026
1 0.396 0.524 0.014 0.028
1 0.393 0.483 0.009 0.017
1 0.379 0.512 0.014 0.030
1 0.369 0.540 0.013 0.028
1 0.360 0.566 0.013 0.024
1 0.351 0.528 0.015 0.027
1 0.341 0.556 0.016 0.028
1 0.333 0.519 0.014 0.027
1 0.344 0.491 0.013 0.028
1 0.328 0.480 0.013 0.024
1 0.310 0.472 0.017 0.031
1 0.299 0.501 0.018 0.027
1 0.268 0.539 0.018 0.032
1 0.253 0.567 0.014 0.027
1 0.243 0.595 0.015 0.031
1 0.270 0.578 0.014 0.030
1 0.259 0.606 0.016 0.028
1 0.287 0.587 0.014 0.024
1 0.277 0.617 0.016 0.032
1 0.294 0.628 0.015 0.032
1 0.323 0.608 0.016 0.028
1 0.311 0.637 0.015 0.030
1 0.328 0.649 0.015 0.031
1 0.429 0.720 0.014 0.028
